255384878653264212264382471832575762384425762256684
671112135525713363378464473643852367374423165528868
621545854382763518674655881174245577844251512663247
656238145848411324346532162244186653412711625535214
832858412523133765732436435751387282251266515515853
733444231883458811286743571171836627123745424468734
424856663487826434445681447137165356362735433488112
716555342421737887311715741545268588888223173776467
265255822728578423851618466286552456587728132742331
818316731812286777827837738113355483834447181633154
731414258538682784186766252146682376454644516817488
351837238572465665372823624128426515685213646657564
738324772373531634273412125244255116523828725367561
573854546354756268651115151736873568526377362767845
862171544263424645433762462143466476611166761481533
581748463685367323553735822227577444176733728138742
138342145743371567227842572225731768143334435231364
177678535178627332868874818666361565781283543467258
535233163322532166685538232887331577165373784526486
151844732718563636134381254646272738643556666226118
282711244536465285533687645214235177687868665862436
156846636555643573256511546517762467617684184177587
328682856257572536375117638581448743276513838436688
343233633224435478644677727573182636374232581865238
247561135561846253525173151822783138621281714582477
165315777675683214162434662136835666717548864567425
121237622754851821526847381142553325283165284665176
471846577445562533633821141252778187622682338715583
121327481216876476167523577484822247313624587382648
433841316586376852621423182465533714865778888588273
821871447686873374717674736814151877758744645464414
588176722766736364341526836816175245177812831876843
361658631728747122111456577862572377623277452248586
758685867775472556774148846555778182423855552271565
348384227516158315751314635825188143213354617337541
841636364212744157232664815125736837617831336877472
668656148648675718317154748227611765384463123615156
288153737282434844543536756518363822612314781842584
132535277262177112464142853611814563551786334867188
127856264141832871266562166157234534544187178346451
357853415285331132233287365681428437831453651631117
831463662543885612538214218251514783661418748537431
563181672644343547165211427126844858181254581683174
651248385136854475264241574476565887367385162273354
341818255474463631166515481461522444845337187238673
425811774535716285264766618381716637631278761332224
484311461662436126831888572687126115826645874816451
371818714548785847432514858782485445818818143587334
226211861425227336237754121658128151331875577633347
181667475435823285758262243328226462383311784635756
144467433834334264441424736314343141373163261278473
245347411827518746246475444471584544848152323482626
724588774238637158822556814538436885115848426777614