47726124646717513646227115676682237168674223745648742518475448534345786518681414474
73563286857235624148127775273753284267631366645278514286875847882125421444363321444
76536238771442683586524866824863832684776537753521741544744224562842347581187235617
14712837452446377464461227367866662887471118338118823674848447834855186667783638226
82531223243124353282785844651386882862817747772843647442615281235183762263281225543
43166533415365817674324166738424482887345882733575453542165743653322783712481218868
61245346317721265344721336888844687823545367871656488181572111852438532422737648565
13578257178525817432688251217384875474251634373183487332681375851483565556535278338
15668812334863638344724758831128475618437376271633874413714671716232163218418422644
43135318121684567242116815646215314631553438222484884823837816738176171117125543817
65511726557377438754776282637866413221755372322883423152132356263453313126118125278
88214518756176152158834234681277886615156674642772813516832865458552663742125377555
88438517557437262751754745862233767517364571628525225748837856624484153881424537821
57467773587161676642238748628572831174432218773624213773412323487566232736252613672
75325175131663233563626337823645356467462726886824212513683442363735574781244685286
35548721218267571243852454468423438288745478155144836114784687847526431524818837552
78817525661878366128387485523847546634621461886463283717614512845564255342646827682
85511418255815582515555432663277827163727663868511156857425447423624128375156332314
11515275117256376343322868683631321177471824374654118687716885417231443167183632212
86583133756461348414636161258536223637655444666172161518217151733541268288848261135
71132712838516478847152383287186423248877623748384231763273424243476286855186286224
74745763245526346344581285386241536172382775382328572437514773867485133138787486442
53682318473186257824142264174368856742456175441173547844662456512641443152267556172
62484382764475553245381257284524716365745833137628757258113334437128574144835443471
44484784543528775727123115774524678386748132624183754277134635417758112536471356866
47311588115583132222512314772256338681524626818752363821566635518645357471838586651
17186775737745827524171857544267617186546542148882743184236617461538155158387162337
43665542354524278634635718317676752311883572118565312721838145568436432311363677184
74558183631654782164534326468258544713671163881612253144415741537122286414867757818
81333267756314734457674322876146128153454583572484466665784712844523538441266163176
47144814511171578648312867511851684554272857271253853587854416872178185132256731441
21612386825623828625581275762642371331768166154111168475761552317662328778544553856
13618222885448166762542438834165665857534688675842568784846837767614586285628874776
38586257571838111316235845168824445576765825343612866846371675727164786171465722873
13143867357424235452123657332245761153641122617726256831467677624846563383643383333
75653251137828422767528237832854551548435477327143742646156555585661241816656857574
16316267712266522673874272431275457653266413441528514685876241843832726158227362278
66755461728556254363315274653168182851858143336468648654651737416423517843487712811
61282623372236548341678118238323185322828438838573615121531627371767222825566756384
41323318664287465647667177643338673385528376148221464128422313332621311567838484531
12567524754314313824264275547173426737866186271446646316842247223312871523388616825
75771212641613512213882281651265744822627814547567538776484136235283621761322736277
31285378282724828326566626681735677888384378847576525186857834212353444614147857786
75171222267577742371562282762646542434878188271736137431837875174256677661882377447
45135516623437478331121514728221436831255122737445188187658766534564467827858238854
73831215184575471855771343112645622277464518481473484864363765785456764221762685573
51648585778455465528528873622818112685314641385367363866221181516541886456875826354
28731474584742254548382511645475117513136813454778787354772753683784836388678161628
15237387545173228741784856655867581518725852835483454818464148378853253644323842232
35148373435561466166874482125755724458882582671213633272848567837345345342217667158
52285665843422683617264373711628463128513543246448245676758383226614318525665862826
67747371462371585642253864486327378237535746417628251238735563724115624828421624412
42765533411828152726842878121523345371386817266434442245874743355655532524746256243
75421476667732438845426774136852582573851251616731655614627661735733212281716878746
75765233641645666144836572263857676213888242827138121787344266663671685826844812635
82445826856821833642364387463615442763561485224746715887645583136162218328482276121
86325875176532451332475434417676765866666144288754247885382234364216431811732474446
74633854618354378145633335382731887754165256347225872141872573481376565831444582127
46747864434131847322635338642118872721158536183857121747411776131327781844517828512
17736353645161377825871167884432845235362166433138167185486456111438134248847668127
27448878338784853423574311714763585143646784626355467133171267538378362537744585332
14244661635667746416276684624173838245242675135814854418513241446884715368564445641
47812213733311473212117438268143582374555556353248671274117771161511374563762272162
41415266836566114434413172884735247184666124123162568832762333745181351863856827547
81627853236174762585675446465237281734775282651378286882145588473853855154834372534
54547512563567621412446235134325533888837634372171856441145846453631477421437778634
44552885865227236577154641675651121662623227633145383372431317677551748778618744622
22471545648857826278368314812812253381311316383835713632486675686343761452685373325
64182421671573221218813457814146533657488625215581363736817363465571165785268783462
16272882678623475672573686443774861233121168683177387523787664766777884737153846631
81451824114668867247655362257564383831683521347425773824175224622335287764338521252
46872864315666813583786841811264133315313675146565354631683417688388456771481443222
43678721226831244141134761571247676574851585374821762336833362721812863755425766822
38817844131774822155552285567857888148228478861425184177251716443534181458877632148
63371643171885353467432164664757613131764284353484581855317511861563463638588483628
78322714534856765486177463417524323627174644182536232824257257138242427362822616558
24528355644533478586116522623166853465572581585511477736484154285872258348553781668
12232725826642483453316642574728163433787114387378868651868842854771815631711256231
48254872364481463822883117786225652122344142864724676766348163172365514144853774762
84846258543762411325317112783513432665375348568353327473374115736774666785176851555
15386853222756856145755776253238458576454864473852413538438526733342276516745781175
57675218624166774441165164351222353176647124584534513654847244625186724158733423851
25163523485745267218576734337188787587773157556766358643437457447151751835755535374
63135187276134361278742453644732341354843564684762877612212514656156388461182668175
76842512485684751582743537114628868748243222616427283124371456542772517844351582422
64317837455167583845645442272578417765336418867518858651464241142281621685718851846
44864243728213581436634248441823315262113318788852258616277771673862687348584324764
44387142322331686828531225876378586415161343158326688462824878583247715472686773466
45611484621747128476843628811752851465118525333427645563686213118354873782634342514
26377358464717238551515144142174772788124241586162354212577358722573167551582373685
18215677374787528114723727117188271552416856161421255743311445357142837546233223711
54625212741738715677585668158784638714667845563546377855564366432638637236234178278
46661173554214124674688554275748886686234476771578531158835386477461753512832831214
17735553154656751253331217351721481244181833461468145587845533864638653254533118584
84613147337886317877656151137826733816137168621381121837218623286274552862721841674
12645848725112745624418457536818571621858527217365465215121181354651262684611683452
87735467637732476883887456777888413161627132772836187281838563342832715485132356558
44238477583586362436626823448574268643667347432238172284711228842643117653644567536
34684251455432643313567666348757254241574428524234738136167615354288677163864264516
37774287215611158484886563764677823418354276231623446344336111282631271663828268821
41567111435811328282773714265378177661417228821613411238834178167341852448714661555