52443386643331563378717176572474638557557431252643613164212814124264831777757737282215
36273377126411556531131754451417563451425457447461633474318727383626123317672214466871
86537188537472717356686663443563178533522255527312125253748885811617383165234487732773
27632586683714663327864533163271658351853781853578736814281626732681433221115144488165
22574781561644771353184345726655354832175314511786817713625887538512664574438558877474
27871317645835436846833147265316376483113475856127748814371134635726258113445262854838
15871886441767336163544125837627615511742872513256357761613877414854444534717862723232
88875353438873831677781848532868813814535125341675238578761568137455146558358756368244
58844218281514274412766477871547478387614276124162457775382681745387188842765644264717
57782131486546763151735515877655863385571536382476265238318336344883233847832115762512
11556316245635382132581762168861681266645211421321174827877837421125581167178718313762
13371275385522513668353574852524327763357868743816685378245846722162524543786811766175
41231716237162752571115727287516815185248326753755582833131642511837226858747436388655
42576251232424123667415211318815542515147283257585343573541436287376478685227866623542
66661524461517238528665764747177468375438488565325282763228827681374146235251368811141
55628538322222681787683437243148242785422417656747545321384836735488873273388116323757
53126187584136335447723446553121417521754157757227428687327231513267857743652848128252
51384184542713881217147228143226478182323751648664455362758144784627312884655875412154
43483827486456715364832858586766863438216411612482362588731126572437337535123652464725
18723645773617727213865355863777685432885126276647813876625325771388714432357563643127
34373474628584363562256728656728177514118137443614162285382522471663655565452884778358
85756231627688344428183317427313781782486223568168775541126255266512544646636744155713
32665536685278733746572436333563474841767123113475235621525788334357837224831857471221
21884487327821364352171623478824265636311271242625872511565545481364275488515634685728
14465286644271813865786888553831714254768736222544288332738341185646535333512242158513
22411873738172514426664323661484486373713221453334675565656433677574828147721333663742
45731586723143845575835621565581566567365848733424158738628431844631423678115514287123
68236386854886755361541266378464377335523555661211771553414157772464876684448867668325
25415815286222188183241413537713677375481686764828875678421322516347122765625122322573
26572444412374641473436357186677161662154453323516162214435227452274152322845463143122
56885211376774243711117481561735386325325141444817525283627166633258157627533561217537
54614283836324574178653387465481731462257571335422885637115664853885681164858754362757