226583758573162872873767474144615543275318238821337182532788424773167488661246536632653862223885
436875734225771415736634186145778125783312348638232443852467777746148145752712678663173828311268
458677573557727824746814378774283823641386212274687387186564713888474287668551348772827126227322
762477713626164522364137535182466165735472844822378852627618146285886566183814486537672568687488
313713521516465542278387278744618754536244818165168423168574332431875652343777751743324431725543
712238823524566243458358244868765255213225518612318486661132223414188233722327757248772134345476
743237165374664366222586144858377228754728615477675583815667841374428424377423671486823685113533
161537812134411454247727426237864584326522873622327877652238554156366256681463116313217484712817
533743316441733352722548547271281531814334385661556228315221725586735564643181273118612175542831
264643158781723338232878435287287511723386788153521787311258867456518853126545733573633186863168
168647478541525563732222758312423328734885368724716465588311636736752616753687218757533427778638
642856286638847747234121815711483853112532674624221137538574483325312541182168514542645856283488
546633835775234541476675658568487564126518235651777483368338581315226857474543735322773586548351
564867586237648171138736824746726173733221886661576462513821383214568453511254878657878413654424
614858327114185737553751756132437587163768838142422546641185283845637745142846325751735125317145
338825464532584586263551162266678242253433644782681184887275773821844187137621341671876765184213
177774843174514447621374418518244625246768122347381631566455248832341342575818115571424153217256
883372624167533218364877781156627787541258537744837682821785634311725325711482178177518214488818
861833515366438138127651818252872615756116878323521824328746515125265247773347826244276861414216
415685535151367545386642384643714381515534543844174638647532751555558648345747544855133834476756
353586866628715673281222858111647834558314163761531767654825326546586726237771364664175782212322
873212171533211216761884751562835116366647411585612168447221521771375235588233521457466483225118
344676562846451253257576617171235428211883744263532626448541358684663854547233721672641883176471
241236833578257641734775446441711387671448564648158134121475463122721578845563472365458822333687
665327252348665675863381718462162321855484634454814217284433427615511821688335746582765778166221
415678744323116276247154312744485825727857621368483761557255223376387312354223264256831482875754
465572525452561446641437173743713312664635341488411764354441214578461267772787455478235845831112
255268326237746224154347811782125632244427453738563312558332885116167122742117738712663148353353
274212264828337846226126534137471585545432444281218646561733628248351883457883177578574238223253
225117667164867365737485141226255612251283878662822188588342768787575758538572357512138172453762
561363623831124757848285146788166735657246768824226781557811438782188152361338553175343336312558
482164241524275635152423818373576728117774888722462681776771322382887328245134573127213373217415