7557152262588641422567734366643177211454278367474275815546246465147561111251435
4167413276482181331481872588133286721457563718544416213461338686138268811411422
6221712325241851627846857325311468327623111134225468575182465425515545362241732
1472468756853677574131724684671531888718447454812427273825672771737173358745823
3257824621167254351236547644172717486514888354843426342532681526445477782136555
3877726836523822244543747873815646428635652183554241487858547334155841571428775
2325545115778474737443157868462136544424752666332433561181343131278353436572117
7166641675412821823342716674584763663553565213754161653867232822284266716435345
7234257883681261322557782764166615231474244288243843145132458455287632212338171
2543878144811725527852138818586638141516314286544485238553581582441665288825625
8536732342855418313388623157785665364761317625512775655238817347525315348854232
2385554571568634888818586173412671683174412341431177842177436544188824815721673
4815251711856447677838418287866324862853568815226316681672314517678778151148328
8167865246468458377276756771717171512344465614777268867811856228211274786121535
4524226757276235662846545764214641284675135748854657568521821758382586228513366
8737845462438641512516812415662255514311557317626623312338552285268453272114457
5638151473718478746836636246274681141676174682557376363235357835577182185683555
5646845273485467885833232474173176165755565123331754311288724823238488446427455
3813646147544564845281652161846267456885547677543847112787567247258541328471434
1517173564653833171153752768657743111733557745485861366211221376348311667876472
5373377548826368625814471114276374225416768624586778113717245768555864261567881
8821715333254258142153275542466682525767124143585736752864757358481715543428862
4731444567282275718187478158451312314122886861266458346764116215234413585254425
3543378222377541411754285318335334851458241148315583246541221646181584471727221
6613418631553462171563157724568212368476727886833178445711217582673875836784752
4581318836671153536123268852787123417676833348627318561427174282525643538878118
7351855885434645784776523723372241746582518237451428222383631373836478257868485
3433441753831148835486265528821474467357124636386883872181185183785563681458775
5252658116882788817761467417434263242551535831431756331265751554548884367434362
5183225683165287158273667454341212331374676864323377847742422457836777734717513
1466878385616883553343132861724727535215828774248666181316367641614878622833383
6252415624753382525218675585857552766318468341453762823564167838614531227177422
8745848831816143786323224827318282632765882862612865354258657572751765421281556
3567446258788423657741551612374642813322821688216785633267261138563364312621581
5741287225626741671231323377767628138743768323225276158847167234512722611318458
2154416686213174685572538773373583263863234535126822717377462574541784821711785