35447353365532523483
55422188247612546463
28211412447827344823
82312625763768676446
31722471783542451284
67674644776332463426
83575261565866761266
51533446474677143557
54552357444131816632
55158328131234585363
58814422418622266277
28811235235235723876
77635581227486482727
16782112283236244577
63547831184626632887
54614327223827118716
35458114864452453582
72413472863831833615
21141475123274184357
14583845781454247832
22658375857316287287
43687573422577141573
45867757355772782474
76247771362616452236