8664621427531132867232838621614881834667472681388333433642487788171578741721221527414768851
5373586286514826164485528853471523554188144342617875556244435141572268713184475231738737513
6141725577348715678435656758265825752485832266163222285271224554788536134157831572164163541
4833124367387581642512155246213814352328467453636271287717544281336762577824365132136158524
2284153317732582472723214584157466318326482133364887677733515812278431443425541146361761868
7718382877847345415186182535772654213716444466865672676246632342416467378521623327274524457
5825787433821147363852331628445633248551462333211683512352185314161328382352677382271247215
1183274625256336185553478443637317456367786631483537581445125234244126843488542361758237567
8237271838652633545353225737647438321858757474682257218543747766881787815131236132844362883
1244722543673282215178157842182323882742742725746166466766583847521114874418618417852771165
8815288348467723584113388211211752234465226182151368166273826168126413223437758746234381531
8335543522642366265888617316626374471262714512745186271176422757784178273642481644181775143
4343741654645378471186121556215336873161688777854568532786664646121456144612658341546613763
3554642476424533822616861281477887835416453358261657824166577462438114226358185248672315468
6581251817572142665457364823157757381887174117742342723135252645254618138631268455773851576
6786265265728143265475831538587524782346112774588151411687888573715436633265423734412256111
2882633268537483627435387281331737352481222574558681162246357173888784866252451445142671447
3833624766446771774122375615477446567286483362476145758545364225163133482865218135132615756
5881633743744875268846425655531357576351762373855552837631144137518742852285244617267623616
4578622581217746622721675533137311442131827614145144245341874264467828245784813674557762272
5148345782137755251733588818874233185846562223563877686467771352286752313138547237285147762
4226733445345741533213456656863612544268882621344417153722317313351821476748265435673641355
6174561553141537183641668713717452573122674646448458172646241513568287866818763345568886831
1836662147627785525515848778765766711835476343462352441314212442516647347338761814331462658
8873217824237514838841125186274856384281167175145753122477434716856731318158438752741245842
6453666845813277113766646541383772841653754735753442183573271726647316278724721546436265151
6841175321142223123236214466511836714354713444551258223522883536622575832243264177462533236
7377447831341618336458414287774461861675681671533737841462717845132375424162373418358677637
2265636688557628418265675148415464421375633174145272121531628858724547464671174753731654124
4266416851844334466614215421183683778667348831123185846534743447635371462418348845431885144
8236178777131748168828748385444732155561883774214533114533524672425363241478157556147223678
2183264774445366127275631277355143164716478367848172747234175737135577516382731526588338324
1884123137341257537347158711631384562675653783564451466641735424113731637373632645768756683
2871728565664726638624535573538134541472171265785568853825843578821841254231273142661665116
7466648612226137434773867236852774643146534531212548214846677643321263422562716775146536267
4648882877448786264718564352327354121357884763555413366556771828382166517133736316632552462
5863137273851348271446833413187415465352836554672663424837348686631217764778186426486831836
7473464443117675781578447146755222357116727873584612246874721653813231827828315546513582131
2334721657477413677825757721185857817858252664748724783256377735127141155716442668864862467
1134871284464248118376821868218434611437828586544521132655875526854341332532545754184828321
7688435513762142647864354153343627867238745784784277127356563564851514574614436182818336746
7827377132864245527688584631765445663683161384256451851734465748854321628764752365137261344
5857815658382314123813268328447525212686671462381843317138812777735682528274633865535181267
2151846587766224817586357812315824536327182647272474675567624352354363831187262142514137757
2628541826671382683268816111761887123431616351535383752281824462126388515323711735146838733
3738371833755854335528423552412583416263116148274326844677368173382831334516233282521736328
6636715267576661158834516788543386237347356512558147822142615653318656255135322126471744425
6831471281315245228343481681523252716441615116668188361238421734272682542363713147228148878
7831774868663558564873146837241128731841533224841747248448717587482422725178488733136531672
2111485163312581141715467771733312421775314336283838665556517653638128715763665366522771273
1367538511276823281262854786644311142384786381727541444261245671711224886337487515381268285
8243466887137277357222681218475665167433463873426445843445611478344223632176257846712131567
7365526168658568438748848617664368631712526446546142485418112346634214857728334344126482522
2168821566347677464325157338178675623526382222162777574231467763415723817676847786167544267
3772174615633226688885363484674124821356666613714821527862742662428237653164457111276227475
3321443684444226341331535781671676253585636543887356385177874633646321232533337437845284143
1684428711637472831624544538364113568647475376155514522453268813144441341364828876668465334
8425214444718182176321868654514823265816721175322885368476154242162847832686213336465273444
2166386632212184637673285884361162642364422351547833265115565876113638263654265244541861717
3355361455515562255675743541482176744843118555652833176875413355581767146831488541215272153
7783823735573327344364826328828728272411481563285672853342725473451135337824261113255426651
3278554786183624753735475333422477754251257873618187483463853572168544854348624528883626571
5572327643524835654855188646228253188864262628741264154862433323768681423746373541871432523
4841564853531253516583177337855868877885257118416125384413778325454875126612176437145776343
7574881254464316687684231458677441346342616731738646724131833655626571272212118176358276367
2188368853267811557784574544881462722537243854722215472835788461565453124748563356226155182
7318713624668644253856353121764325772814726168773576147688486311228881313445421235758832536
6422743428755741757885886718732736471828316824527326382551682662685366527325235568487586276
4674856513724414132353261585431766888472177235672323687764338168816211547617338766863647146
5187464462327868885678568435783618825482441255143386286217775462181728525734437283858523643
5133445756363536148763131771272651856662515538377857762237124657828432557726423385412566738
4221428457667253254113713688233634333464168524685741487834816388887877753412484631857813764
4857664656174667115472185318336232687632254884258554844776178672488182775515628683643572541
4532434265255426487455371828618432421818172472124431278431655354251551653561113373424812558
7664648326615536472321235682838328252862887327524888873382235381256266844541564165233176735
1467673138541356271523635774137441487825143817144687412567637327558115612121682132216885132
8884544311871843782142687341865713838623224134465764686513252841286286741537527457444736257
4321366776873316181325461112335641184144332514661548455814532331531543743417638346243438414