71857838277432343256188157486756762456627413673876657241332131134548828282643553531877623547713332743
63411854437734711648143165611614851614575544447344315544115761465883314188228582353416446577335676583
41333345161424817685346787374536776112432857244574676633763461112185268627683251513456416135241846175
22752355676255522817236343617525421213143131265521321765341277176444715455585154187727415853764783531
55638872565632186684343421375153168326625812264817217662166168377533465541723683142541367185418181224
41767165558654283285583542452548415352685142182144825464234218176333745167582218814354826612814478761
75763256552235353885142457565381111513341722563137543856263668685253238844717387888466577156421488276
16321745785684852514217154385318887678236167814311267855374674275288316738182346187211163518875812663
82377574188421534672235386366778188242714263666478473831485851168383848378431284533563564757524768277
85288738682281358366747373524817443266253617335541122541145746762238175278857452211447483388254335873
18717226354681745337535854756288483765187783616674357268543341448852626727213356843474633343367865721
26354187558256287852837117878348276174477731186145684622283815558622882266821835661143281736446567246
38282818661635413838362333441522127231758528863884676164886457151442667451446337566427852323354637884
21526411644152581637251165736463683563322174761436526482612627512615645776215858612634777411575564813
66473736186713557515385164326772312844646447567737347564383851431485576216371543284874516324266158518
41132463213248615883774158675588346734664828631448321756545142271136548884751253136368673468658485428
67624336675262286527747447226186162658582818338216264647837826773865187273234344152754227852485685587
53812855815668368515852688345214441475138865338551744347757451544765533865184842646356644858233153621
44813337527417474138166231341358145314314354247585623253858614243516772347811144526872628612242236163
71185612815762454665611645765123667621525743371585384257428763735612361566456356135184557411185384353
88682218447712428747575735622837233347663526267428374468428534846773427637875851542822267673132567684
21435476517621847678227655811154885214352734633242554537125447313526557756133347477561527635845355178
64374353547166227686888748274186784111424756851178444231873841361775186333515568352717478886816345583
57686227164175124734751137567833663736175725163755667623125156358137255281843678626653834131842826427
87465121781184126131881245356643784858618626368585787551165867514761852241711811321841818157748252316
58485483345786362724447215156764737148764741426473188637827177458756484734511786274282682778375878735
61547781351834868263554628471832726364872157183155353111733181683668425687613473432872287734434787288
48744728316621483166223312646654885143357847285644538447624164883341471557252127172755585755157716887
21372143668222651517542216635733168786836184517645755286831832761754183228481137467451376332277376654
27514384127436155573775345526287512261284328833888562112216788666611125348216626835381325145825882736
57224818557326464436233443182824161682337561778587887814768616765582585824132727788274366487821266536
83154646556667848466445726121858221584438514464255456267848435283512435241288334774256612573842671487
26525275774354676365416625846363732538124548714775212233112851225736142541487873865887683854135168243
83238384644527633585622475185423782482553811747665552426856551111555231112545631642762475163622666843
18525636771355515273563633252712856355258486284612245447836788712118366426857725438673566514513211458
45156316721333442733712884136184818483878186161718272315787716558826111824723755663381287322346516487
22617834481245216272252464365481764638177823653828421845368558777312127863337661754718217762323716352
15143178275128243525782536632663351226725786185837344153288221163284784381226338716247844645615363567
85882848752727587583537878248465727145538572137275617767531414571188115726181124627212581865555335472
17617873223846645428831418386717374166761576853663231651757762536271142726531776153872265364563583244
68485887341447252877726521614416587227322618458668444587443785125283541223517183381187144415227864381
65223434413325627221745166615226747154716738563234181571618814828168366452227318327687645884781557457
72213176345224828713231243636454822218526155543242758854634836631742225677384556541274677778267445875
12833718656534557386113473416423686822652844865128372741438665454613475378482166312165262545357472784
83742322512664677545812575431431521383187167833156761713151736156434627247547465171154342118581656176
17232523234776144383857452413262354234545273682383744285333151661443274863836674142478152536635828135
26257578866278888457754888375465561172247734673164165462636823241581668184733384116327843368417327155
62162224356254748843385487647687613156388725364621127886675582128464448715571418427631457475531414833
24737344618284122458252666835887748736845264341878445254716226748816746162287822311338842658113485315
85676524457356252736611415488466226882572885315833751611844642247516445787611524463663416438551668268
23467831266556244332861831844515538156711817558211271324447676351364743477343485183316477221167445767
53233726738635364742412445835214614634825376423555744376344354557687873463582528351371614235626853385
63228322854362346836426128832376622218443286817888477125453471864572515232347567781183511412467438458
85586165243752177762224154373742784661131745216536484747166743666855475441274861143624827218135577453
42524611734215486827436625418454625744476236717448587583716455317811315628758145353682326776115328822
77381655446321163268746864178481866745674513123222535337427743251211368435262372686627431454246537378
67112141712658831358248636333383473484235525244572312138851631758614838332746348641331134886622617231
41815617837823278323282662836436437458464543383237635525467632128644332446141723125372136586862428544
28388854254737225524441356843112327887418461166531282613577488764671887613884881171623737473583781581
34676827257866666677477831877366537272687376642187643556676587185553652577853137267367488358626463623
27357553436325288342316216556285447337888865567728616341888848187687778314847313376263631668771588825
55853681446637753414567752475115675725117443812783256816328131887234736558712451533161643488211274523
83575618516257367472447616876461527467788537536785854158453237885644265442781142571558677535823123451
72644533446766485748124572738371375824553152812383257858884275148654772875227785828335237116354175744
31618222622583756842664215638671483463571451178132321622764377136473262767658647152156145352666415722
38434367513767335682433436536352841614432811344262857214166516633554383663263188888636752535387578546
38488185754371564778387235716113325887822338428336144355623186885524158214557724686621464672425848115
57828653582122373523785867888225756166768562282358556257445744211828263247827777824537664633137571847
37833751485865536441465243581683221162248325581212317864733782851424443681883275767162865685387775264
81354413666647243456567835541776138423477735743766652511744817645818183185343647624174377645862262525
27117525352447477555587337848555534311446856564724734583582623837432146434827385774587382782213861444
37886838437634638462374384265167241323142437257485521523527136765662856447514711768426415576753432456
82616466146275463846134644818134866563714268763735416576736688817388823624735521873581785221281374341
85326478715388587116316585787546263448626667463722344263678285457367612853455718776266281587671754486
65871541852472354754736332484733843836838357335787324353681734161255414333824876687133111461538248164
76675128627348763173143782625587387751881246384668523282388344871884787611548225735572317175635143186
86442312311811355737868222634815427571162356431154244138881755514561774584633326171861362211128373622
48414752221125615851428117671841626461231328217233614842234242455651655566727425862785216476673458113
36548116216436553773157181246287136778632432431482843633173374282663661526732252335388348712853635812
67726474161247284426371478764254862551727171225166235583451524532774256685658137355336274376486438216
85772532364385787226364444457814513134746241358763813772873258342521838825546168841565321753212354128
81448818622588584674822458687371215674516155421215587636526684422164648112481575512227437775758878827
16822682871742551638578574528864636354671572621587727317263113334528575676278475827173745113886757785
63232228526243324883512835612131272247368851343151514754576538425664536111157244483657581621525326358
23822437721275754315373826262275888442545463835876171362664423464336473521443225216783361732437147583
81421534567283565134358227456652357218146654243736568434875284724755553165872355636268433654611675385
87233461253686683622611214722354541288722583633723155753667174521887474855681145615555518463372325188
23368365136827375417681667621452644725828271475757664131748314512175521741467478531735537171368522766
28856431433211538753626468437728576342364464734546763473333616463187483344321351835646844682623615147
48548614883144453875837881755188778285871631834557626653474671177581814232827475843864146854477485853
78713187567863868767654411446668311177187754818484548688228645666344272871774756257225831157411683665
21848622365442564222464671562771116188268627316581167134362167372465675475453582488872531637748835884
55745821124561726781333836837665487442138512153247681324415374715733365813863333186633858561111152321
13377427614415363275547111873564337572181514184654747785328526146762311441827755323421387857138273882
56165668726862583131188678841618281776824353632422726114667247618663335284458312863862756476724584732
25146622735772128334812416783845184547122428628888812823171766562532561727465471454582136487155672446
63622884477363338737561762678181467628882123286171868778872581736462133627244232888583475327844241548
47667472788537481122678843352262265756245771787342618558315181182123183513712157111538474876881236325
57425787736525717313482684443457785182447313532658668856333132475244377412534167464645842168816865885
47832141621631288571786662734371427742347532874587486648525865275644112155235336641581712862823332362
45334352224174453536356337657612683552878866271866537785173733468581841841874686716263321818414751485