226583758573162872873767474144615543275
436875734225771415736634186145778125783
458677573557727824746814378774283823641
762477713626164522364137535182466165735
313713521516465542278387278744618754536
712238823524566243458358244868765255213
743237165374664366222586144858377228754
161537812134411454247727426237864584326
533743316441733352722548547271281531814
264643158781723338232878435287287511723
168647478541525563732222758312423328734
642856286638847747234121815711483853112
546633835775234541476675658568487564126
564867586237648171138736824746726173733
614858327114185737553751756132437587163
338825464532584586263551162266678242253
177774843174514447621374418518244625246
883372624167533218364877781156627787541
861833515366438138127651818252872615756
415685535151367545386642384643714381515
353586866628715673281222858111647834558