5426634228464533446176758372286
1861855128831354262143555373725
4636552222671611773414775823561
7665387786417366338654846613686
3726654641286634451245673363356
3158366638561467581886875575825
3744636246217224756481442128471
6324667813887813682432383522363
8255116868546332581115214357268
4147523175268463863754437587525
8512235836276651248665276261675
7568347523231483854157481768545
2112757747681627736654825673784
2275431475817248247525833748683
8416755777212661742145225676822
2675526547237648114885527518475
6576643463645316574566588141357
4342188372377642275425863381757
8817457414782873413375282345765
8638683614548552581224826818276
5861513826734514313881322421744
8466361246184648447642122184271
1115175875354823337236677331488
8182337767777568122672766517115
8262253676884348267785135427457
6146315722253125774288718483588
1887621262672267876812843674125
3167515224351631676262553271816
1486245167367544716861131337387
7451812412534227317472555246512
7418167541263114475318268162526
5261443223841612113747451116842
7748564146747267148361587732787
6327152245781277521233317686143
2111327315358471823132857565216
3386426746122385264827723256546
8374155248212137585448371465276
5723335858178656817765587212682
4865265553773127653473312476135
8586766744571214462658217253548
8578771758162174157586478225372
1686675778522254354351643125853
8233613313467635583321781376156
2771323718671435187773371618562
6512464666186512232722484867283
6666237814244241456417434786282
6813757143814322273175446782512
5377346867154223855676748683248
1453577563135173634733658437418
2385618777377564314764334833765
4575124857265454335572751361126
4878788573688252838641213712125
4543787185622135617647338131778
8847647411223776864676714256758
2488533844377535284686346536328
8624873762868138438712467651747
3382361852455477471746537164144
1776175285343845427524233621641
3484534322117251143188682658627