2622842282825723276787125538327574211632262571257887681816327556325682785334173672
5276323318747257728271561641524332214422423758548647845324443364524665371246354513
4781888283515285368854374542453461548212238385611213818332186675433325712485841173
8623832427123868575625857841516465834676515575385248424678575118513258611661574227
8283852758375725622838823418167521546483617332564676573335688176358813125322631181
5623161732773132783111712815552557751174437633275218234841426784618383253861782325
1718172172326547547882167348621538668886124126313212347418753333286856614472384368
5358337136313581546514322661314373311448657758347258746868462247115238485827773768
1441262362517111811324811253855278541636163388771126278232718413157623113231784348
1481553341358776835457861437823847727422471113515811874318471183627888311878134378
1653143584612476773365266442646674814177258816263821613646372315424774884586885428
3724664262453636534462127547472577723578837175662118462342521286885644187283884351
3254418548134632676848658314242138283821726361627513837347226722112171871176681377
3564726187816211111366575122132577161163631561678125511666616175671843546147855753
3852845713414185312386417827271575227363272767832271423881317731128533877783231776
4688273628614382668567863455518836114651134686257566558245473836186734837528554422
2337463367326888448664113371477427363532135316732613117432115338585773244761115847
5236444547336212226435825524187127185446215477561668557226766611811816615757368887
5736468247755322543218847278418377771682735531448555165282355156215878817721154627
5176761872854133882166227223815423666713273733447714838855251514316388416227453274
7575478784316634614143528567552762126355168684665336267126223653132454717353736455
7813758187374782116151426878574177382754645724736244114533583844285877321113285521
8777468385857174385645217472116114323551818774642134738152271642658584218862185566
3172484274363833444474854648341822758361671261813347847551672848182681428121465825
1522814143656332258216412353281341876738253586556183686146264574417373856422868243
6248558711745436135778563467875354624876731351851634253232116244285282757623624867
4645737144167732443474662413637577648843822784348412242778527266778246486458231847
4761782764147647227684125682812413227128285345858468831848737464646215146634413363
2561842366331482824586472224211826813813171652337688631581843661188288533788465464
3322181346616461667752422432581183412683251275474853335838121127614322533784461336
8868226477583834324181854556325621567213838362644164726472173544138718737613277644
7621213261711578624548272712288636411745382868868685882541636315411312537635772833
2688658122618537114862556444647227368884426875381562346625288361848853814463416673