82671548767351227141137876216787133351213461321853537766268167368828727535381476276713667857827
72813441317121438862263375132235753552166621273876448434356136815872768571712677728317435154522
42215587321388255458516425878187358241757417324121417564146552357632335688811286714348857882573
32761433144113511216773274736482578411811341174533383483582685571576582636528677488738636134371
74186333184153487315746124331173252238848371581677876113455868277587758343184278278457137773626
88457532186248882616258678412215515821775664541641343861853141133868218714217835575143561488286
37613256812867368816443438836325121634186585533655525823531442687286517772433853336441337563384
57253744671864824146152663162787428457347688858611784265368766288656142473656651423353567588263
42382232635544346642837187288425567767487812474623834218312481435732266426755182151712718563115
47724862244467314422448285523783232112157186286481668827314443465413368581385713723285488433426
43224526132668478164115374123468231665453761126537435616432881433343244334772154562643136662616
72143648717112135331137587568516173372883888664838637551483713457587164127873447342466585341523
72228858885422866641774731257285624217732626768642374825111723722322357632126285552656644754631
47222433154611424524387243255561224758268675817774447731844127785127886215645278661855814755233
67841714747665526267882552543677255247182453466353126743626718143731344366618232658544134127146
26837171264163274473253732477122143885465511227651653757344768273376572368515317281873774446645
76761452148263753256857218322578275355567722378731468227434523756771527548574123738238228485734
84875158115483333517775641356321321124333687157573136641766243347737871726581472824555455288231
87738348841532185833152428253626823553776768425216445467144612423116673355572663277888882884413
83261143285271315514612672785278843742786761656511866143513751614833372465272573131821781674326
77483322642512614765382537554317413278668387663581534325712873144356334411355325386554285723346
81335686454758422847742425723112826322437167351164213172824574477333752353717826643122576166843
38412211571154168634685655421563836848865267271123167872656263755781412715424127456836825163377
45562387466615167113351322733285666324874815221141123522438438158181216854175428233745883857141
41463762461864422832424822763313533362333426644184657223552715336872846374654356676416314653383
56858625163444625122128111652522811355832581111741264213542652623145653466261637853531488751522
12657682122724354515378372343768724858517354226274772548655168331151671518315777415485556723815
27626446453458142532583666885415171765382121345357431465882655276478587163285174817177587357238
25785733473234412446733672381574365675332148628273241677267344272477882285633213563743251343816
71315851564827241743831735754576862272624617655164154612216377627245732821165672372383375412857
18327774776546551832774472173152285461146277848487231841884256614513835458847154184352162651674
82371372255521415824753856874216131326155446543356141424711665377718271337165152373314356742817
54346248244633517527117163214545516562461625114856825738737318131232385624528113644886557116248
61472523176437826671118714278285786367536448383188643555122732135342155136741887246812432661424
31544182618774836633622448732258136715828317871618131666664774326357531413458872664162438612855
16515824426874442116371511427481428355261213147721542723348117575422756643568586883861412435481
71222132465488767625433378637176117582488453528416878811765555421747188348338182438134817217153
61656847158725526256821827842268344778113717261757838333786471272684863427441166247426363573774
33351781418648276366836642166363255381541682138833737285113276866811367677842217445677458555517
41115313814381517752117543174623237818733463411775573276728766864263628575827143527571761485645
71334114487614577215246752258774158453886276483157566327881322531815118838441842671165351468243
13114415773532263886446513687745721838417417681526168228873154862718246285252417823837434721231
31217357565167623612321411753131482632315328388235263782572756278257325636176745161242832748781
14224742278786178422143473122883734351888845242875684821236651125842173785243772744335545486547
25574137572627231578311273738786842435261877478311331884163454516376555842853425644216271226666
12868652252117333864815622836482185731376443125583436284373421217585185132834242185374672484646
65355742343152647628263362336637263666678557526286214564842663482475811357712343226373267163664
87475564226714562542757645162733571262341885651246134866675342283753127573124487768872848478368
84337158654746543786875177887653611616776852443754122264241615863256487652222266187553422172862
64841242354776664424414383378671254175362674656273715648477431226552173486335381781185455344344
75383253587482711867224842431458476763253221711646137118382411112128315584717647728762315316238
41267548243884844135743255533367422571233152338578631418854258323645235247422368486476826356446
52443386643331563378717176572474638557557431252643613164212814124264831777757737282215613283577
36273377126411556531131754451417563451425457447461633474318727383626123317672214466871222882657
86537188537472717356686663443563178533522255527312125253748885811617383165234487732773884414131
27632586683714663327864533163271658351853781853578736814281626732681433221115144488165712467165
22574781561644771353184345726655354832175314511786817713625887538512664574438558877474386618467
27871317645835436846833147265316376483113475856127748814371134635726258113445262854838648341627
15871886441767336163544125837627615511742872513256357761613877414854444534717862723232388737142
88875353438873831677781848532868813814535125341675238578761568137455146558358756368244788825355
58844218281514274412766477871547478387614276124162457775382681745387188842765644264717677158828
57782131486546763151735515877655863385571536382476265238318336344883233847832115762512787228845
11556316245635382132581762168861681266645211421321174827877837421125581167178718313762646617616
13371275385522513668353574852524327763357868743816685378245846722162524543786811766175851346162
41231716237162752571115727287516815185248326753755582833131642511837226858747436388655836152713
42576251232424123667415211318815542515147283257585343573541436287376478685227866623542334764356
66661524461517238528665764747177468375438488565325282763228827681374146235251368811141753713825
55628538322222681787683437243148242785422417656747545321384836735488873273388116323757817433222
53126187584136335447723446553121417521754157757227428687327231513267857743652848128252417418758
51384184542713881217147228143226478182323751648664455362758144784627312884655875412154823328358
43483827486456715364832858586766863438216411612482362588731126572437337535123652464725128375237
18723645773617727213865355863777685432885126276647813876625325771388714432357563643127887163474
34373474628584363562256728656728177514118137443614162285382522471663655565452884778358873531676
85756231627688344428183317427313781782486223568168775541126255266512544646636744155713864416385
32665536685278733746572436333563474841767123113475235621525788334357837224831857471221872316623
21884487327821364352171623478824265636311271242625872511565545481364275488515634685728638147834
14465286644271813865786888553831714254768736222544288332738341185646535333512242158513778338688
22411873738172514426664323661484486373713221453334675565656433677574828147721333663742274553247
45731586723143845575835621565581566567365848733424158738628431844631423678115514287123256874665
68236386854886755361541266378464377335523555661211771553414157772464876684448867668325853784586
25415815286222188183241413537713677375481686764828875678421322516347122765625122322573145285344
26572444412374641473436357186677161662154453323516162214435227452274152322845463143122462674866
56885211376774243711117481561735386325325141444817525283627166633258157627533561217537656118313
54614283836324574178653387465481731462257571335422885637115664853885681164858754362757586556861
83575766774257551732653452122766775373167188851685138177171562277711443426347337885684665384462
38642246344477162815258564786345524482456325646558563143658148716251426633153368856341417621433
31315736462558878366132855382333825262212783672164443427524875661176385337541425273217588213414
74653763477565524586342813546431832853372731675321548654721322657467122362723724172566683224858
23154442614381761654641314467753832133877484431584443728751123688651312521537434744883453587176
48212163472733375238143461376847322333472172515137645553865755536771531487624686717485327114687
83412321775121281777426274161415246533331432728151724753261475775434276282821237553656674512114
62623856377144318154374832147661826335864322737461247562768688766774517833157842786857174872652
16218583583342278513524854434658665832653265277826343116524144635722383215768584161535648412331
